   0.0000000e+00   1.1996923e+02   1.0200513e+02   7.5198387e+01   0.0000000e+00   7.2387940e+01   3.3222781e+01   4.9403995e+01   6.5189431e+01   6.1764586e+01   1.0440571e+02   6.2448235e+01   1.1400800e+02   2.4698995e+01   9.2345455e+01   9.9400000e+01   9.3435468e+01   1.2207500e+02   1.0840360e+02   7.1446724e+01   6.9303922e+01   6.5903268e+01   8.3165834e+01   6.3215849e+01   0.0000000e+00   1.2553309e+02   1.3217820e+02   6.2682533e+01   2.3206051e+01   3.5721662e+01   0.0000000e+00   8.3696552e+01   5.5494611e+01   4.7136951e+01   1.5600000e+02   1.5100000e+02   1.7977500e+02   0.0000000e+00   0.0000000e+00   0.0000000e+00   1.4946667e+02   0.0000000e+00   8.4185714e+01   1.6866667e+02   0.0000000e+00   0.0000000e+00   0.0000000e+00   0.0000000e+00   0.0000000e+00   1.2840000e+02   1.8744000e+02   0.0000000e+00   1.9460000e+02   1.4500000e+02   1.3094894e+02   7.8400000e+01   1.5780000e+02   1.3183478e+02   0.0000000e+00   1.8672308e+02   1.7838710e+02   1.3377160e+02   1.8060000e+02   1.3397778e+02   0.0000000e+00   0.0000000e+00   1.4340000e+02   1.3420000e+02
   1.1996923e+02   0.0000000e+00   4.2020986e+01   0.0000000e+00   1.2290000e+02   1.2155000e+02   1.2074667e+02   1.2002353e+02   4.2141404e+01   1.6986667e+02   4.0087020e+01   1.1977143e+02   3.4871801e+01   1.3490000e+02   1.0020755e+02   5.7799606e+01   5.3061941e+01   5.4221106e+01   5.2265220e+01   1.7020000e+02   7.7796471e+01   2.0137152e+01   7.5141606e+01   6.2703936e+01   2.0378018e+01   4.5669332e+01   3.2940584e+01   7.8850843e+01   1.0565970e+02   8.6667925e+01   5.4568902e+01   0.0000000e+00   0.0000000e+00   6.1556286e+01   1.3760000e+02   1.7807058e+01   6.6404938e+01   0.0000000e+00   0.0000000e+00   0.0000000e+00   1.3733333e+02   0.0000000e+00   0.0000000e+00   0.0000000e+00   7.9250000e+01   1.5840000e+02   7.1047619e+01   0.0000000e+00   0.0000000e+00   8.1905263e+01   7.7178947e+01   8.3100000e+01   6.9111828e+01   0.0000000e+00   9.5142857e+01   3.6450000e+01   8.9042857e+01   1.0940000e+02   3.5227027e+01   5.5925344e+01   5.5286202e+01   1.2556667e+02   1.0100000e+02   0.0000000e+00   0.0000000e+00   0.0000000e+00   0.0000000e+00   6.9822222e+01
   1.0200513e+02   4.2020986e+01   0.0000000e+00   0.0000000e+00   0.0000000e+00   1.2329524e+02   8.6205746e+01   1.1944723e+02   7.9574457e+01   1.0275000e+02   6.2575000e+01   1.3040000e+02   8.9200000e+01   1.1205308e+02   1.3153333e+02   7.6962025e+01   3.7753901e+01   6.3375000e+01   5.7674814e+01   0.0000000e+00   6.9286435e+01   5.2159282e+01   3.3599759e+01   9.2214225e+01   0.0000000e+00   2.9626966e+01   3.2473162e+01   7.6639898e+01   1.1147525e+02   7.3789114e+01   0.0000000e+00   1.7050000e+02   1.2780000e+02   4.0633453e+01   1.7566667e+02   5.5401357e+01   9.8633212e+01   0.0000000e+00   0.0000000e+00   0.0000000e+00   1.5946422e+02   1.9161429e+02   1.4352000e+02   0.0000000e+00   1.6510000e+02   2.6380000e+02   1.7040000e+02   1.8917333e+02   0.0000000e+00   1.0352267e+02   1.0558155e+02   1.4757895e+02   1.3115821e+02   0.0000000e+00   1.3696555e+02   6.8891981e+01   1.0351620e+02   1.4601569e+02   0.0000000e+00   1.0144344e+02   9.4384361e+01   1.5073068e+02   1.8922000e+02   1.6074737e+02   0.0000000e+00   0.0000000e+00   1.7500000e+02   1.1269315e+02
   7.5198387e+01   0.0000000e+00   0.0000000e+00   0.0000000e+00   9.6632500e+01   6.6737261e+01   4.4614729e+01   8.9827714e+01   5.8299887e+01   3.5451505e+01   1.5764630e+02   3.3900453e+01   1.5015926e+02   9.9121719e+01   7.2582381e+01   0.0000000e+00   1.6025000e+02   1.6835714e+02   1.7692000e+02   1.5385902e+01   1.7372000e+02   9.8200000e+01   1.7868000e+02   2.5906314e+01   2.0535000e+02   1.7720000e+02   1.9237333e+02   2.0231116e+01   9.4138761e+01   1.1950769e+02   0.0000000e+00   1.3591852e+02   8.8585191e+01   8.5932333e+01   1.5961935e+02   0.0000000e+00   0.0000000e+00   1.5990476e+02   0.0000000e+00   1.6015200e+02   1.4800894e+02   1.5622500e+02   7.9568757e+01   1.6373293e+02   2.1925882e+02   1.6372283e+02   2.4431429e+02   1.7416250e+02   1.2700000e+02   0.0000000e+00   0.0000000e+00   2.3542857e+02   2.2335000e+02   1.6027818e+02   0.0000000e+00   1.7680000e+02   1.7536667e+02   1.3575591e+02   0.0000000e+00   2.4107500e+02   2.3430000e+02   1.5008204e+02   1.6459298e+02   1.4815556e+02   2.4400000e+02   0.0000000e+00   1.6110000e+02   1.6532000e+02
   0.0000000e+00   1.2290000e+02   0.0000000e+00   9.6632500e+01   0.0000000e+00   1.4006642e+01   1.0361250e+02   3.1585600e+01   4.3159839e+01   1.1050588e+02   6.4143860e+01   4.5662860e+01   6.3948837e+01   1.2562857e+02   1.6646355e+01   0.0000000e+00   1.5760000e+02   7.9739394e+01   7.9157895e+01   9.6300000e+01   0.0000000e+00   9.0318750e+01   0.0000000e+00   7.0571971e+01   7.1600000e+01   8.9620000e+01   1.2041000e+02   1.0169928e+02   1.7887161e+01   1.1090000e+02   0.0000000e+00   1.0813523e+01   1.2560000e+02   1.3448430e+01   0.0000000e+00   0.0000000e+00   0.0000000e+00   1.6440000e+02   0.0000000e+00   0.0000000e+00   0.0000000e+00   0.0000000e+00   0.0000000e+00   0.0000000e+00   0.0000000e+00   0.0000000e+00   0.0000000e+00   0.0000000e+00   0.0000000e+00   0.0000000e+00   0.0000000e+00   1.2260000e+02   0.0000000e+00   0.0000000e+00   0.0000000e+00   0.0000000e+00   0.0000000e+00   0.0000000e+00   0.0000000e+00   0.0000000e+00   1.5660000e+02   0.0000000e+00   0.0000000e+00   0.0000000e+00   0.0000000e+00   0.0000000e+00   0.0000000e+00   0.0000000e+00
   7.2387940e+01   1.2155000e+02   1.2329524e+02   6.6737261e+01   1.4006642e+01   0.0000000e+00   4.6794671e+01   2.7296102e+01   7.3946505e+01   3.2242569e+01   9.8525975e+01   3.0229954e+01   8.6541154e+01   5.9285333e+01   1.5258578e+01   0.0000000e+00   1.3203004e+02   1.0976329e+02   1.0926879e+02   5.0841998e+01   1.0923840e+02   1.0140000e+02   1.1634778e+02   6.8167461e+01   1.1704706e+02   1.2003649e+02   1.2612553e+02   5.9030082e+01   4.8680601e+01   9.7075410e+01   1.2471429e+02   2.7082844e+01   9.2130986e+01   4.5504080e+01   1.5940000e+02   0.0000000e+00   2.1800000e+02   1.4551795e+02   0.0000000e+00   0.0000000e+00   1.5644949e+02   0.0000000e+00   9.0452571e+01   1.6511591e+02   2.1556000e+02   1.6080000e+02   1.5784444e+02   1.9580000e+02   0.0000000e+00   0.0000000e+00   0.0000000e+00   1.7200000e+02   1.5540000e+02   1.6228852e+02   1.7660000e+02   0.0000000e+00   1.9430000e+02   1.3992500e+02   1.1220000e+02   2.0760000e+02   1.5926000e+02   1.5198417e+02   1.7535000e+02   1.5400000e+02   0.0000000e+00   0.0000000e+00   0.0000000e+00   1.7986667e+02
   3.3222781e+01   1.2074667e+02   8.6205746e+01   4.4614729e+01   1.0361250e+02   4.6794671e+01   0.0000000e+00   5.3707852e+01   5.0470239e+01   2.2677628e+01   1.3696492e+02   7.7687332e+01   1.2939638e+02   4.3259845e+01   7.9691390e+01   1.0395000e+02   9.1107213e+01   1.5133118e+02   1.2052794e+02   6.0072542e+01   6.9290800e+01   9.8739759e+01   7.2860490e+01   4.8015844e+01   1.5245714e+02   1.1439707e+02   1.1413039e+02   3.1423362e+01   6.9719736e+01   2.9328994e+01   1.7550000e+02   1.1213320e+02   6.9323138e+01   6.8792149e+01   1.3615765e+02   1.4190000e+02   1.6081681e+02   1.4580229e+02   0.0000000e+00   1.4410476e+02   1.3131461e+02   1.5234667e+02   7.1613736e+01   1.5075689e+02   1.9946667e+02   1.5151053e+02   1.9883333e+02   1.5860909e+02   1.5500000e+02   1.1800000e+02   1.6446364e+02   2.1216000e+02   2.0113333e+02   1.4853252e+02   1.2584035e+02   1.1346154e+02   1.5799487e+02   1.1894927e+02   0.0000000e+00   1.9450000e+02   1.5957862e+02   1.2758408e+02   1.4604024e+02   1.2877305e+02   0.0000000e+00   0.0000000e+00   1.3436471e+02   1.4493194e+02
   4.9403995e+01   1.2002353e+02   1.1944723e+02   8.9827714e+01   3.1585600e+01   2.7296102e+01   5.3707852e+01   0.0000000e+00   8.0363227e+01   5.4636742e+01   6.9752506e+01   7.8195817e+01   7.1218021e+01   2.0351137e+01   4.0186069e+01   1.2200000e+02   1.1748212e+02   8.6402367e+01   1.1195269e+02   8.9177812e+01   9.5883431e+01   1.0930000e+02   1.0501889e+02   7.4889969e+01   8.4272727e+01   1.1718513e+02   1.2845423e+02   7.1389591e+01   2.7344281e+01   7.0923220e+01   1.0560000e+02   2.9161378e+01   7.1456471e+01   2.7489753e+01   1.5540000e+02   1.5745000e+02   1.9958462e+02   1.6373103e+02   0.0000000e+00   1.7695000e+02   1.5723951e+02   1.9650000e+02   9.7937500e+01   1.7654937e+02   2.0651429e+02   1.9656667e+02   1.6690000e+02   2.2760000e+02   0.0000000e+00   0.0000000e+00   2.0264000e+02   1.3207500e+02   1.8330000e+02   1.7476889e+02   1.6136667e+02   1.3770000e+02   1.9575000e+02   1.4641311e+02   9.1360000e+01   1.7836154e+02   1.8440800e+02   1.5447560e+02   1.7560000e+02   1.5648286e+02   1.3720000e+02   0.0000000e+00   1.6940000e+02   1.6720952e+02
   6.5189431e+01   4.2141404e+01   7.9574457e+01   5.8299887e+01   4.3159839e+01   7.3946505e+01   5.0470239e+01   8.0363227e+01   0.0000000e+00   6.7658741e+01   1.3907172e+02   2.2642615e+01   1.0342833e+02   8.4602757e+01   2.3785850e+01   4.1794485e+01   9.4352590e+01   1.4483636e+02   1.0700672e+02   5.8761905e+01   5.3025948e+01   2.2669988e+01   5.6437531e+01   2.7684794e+01   8.6387500e+01   8.6233436e+01   7.5225289e+01   4.7416051e+01   6.9008454e+01   5.2158349e+01   1.0852000e+02   1.2348889e+02   6.2910301e+01   7.0566685e+01   8.0866087e+01   4.2800000e+01   1.0393684e+02   8.5011742e+01   0.0000000e+00   8.3142857e+01   7.4533952e+01   9.6740000e+01   1.2229255e+01   8.9605499e+01   1.4575484e+02   8.1696203e+01   1.6280000e+02   9.3963636e+01   6.0450000e+01   5.5385167e+01   1.0013333e+02   1.6614000e+02   1.2706667e+02   8.7867674e+01   6.2536863e+01   1.3763737e+01   6.4149653e+01   5.8708565e+01   1.5160000e+02   1.5113333e+02   8.3636975e+01   6.7429000e+01   7.5336518e+01   6.3191086e+01   0.0000000e+00   1.4093333e+02   6.8305000e+01   7.8722563e+01
   6.1764586e+01   1.6986667e+02   1.0275000e+02   3.5451505e+01   1.1050588e+02   3.2242569e+01   2.2677628e+01   5.4636742e+01   6.7658741e+01   0.0000000e+00   1.4059078e+02   2.1563322e+01   1.3524308e+02   8.7609450e+01   8.5820354e+01   9.0800000e+01   1.4350612e+02   1.5684211e+02   1.5574588e+02   2.1047108e+01   1.0507826e+02   9.4200000e+01   1.0911364e+02   4.9674087e+01   1.5503636e+02   1.6408366e+02   1.6915648e+02   3.1803094e+01   9.2459158e+01   1.0522182e+02   1.7713333e+02   1.1633707e+02   9.0367429e+01   8.5123179e+01   1.6231136e+02   2.0780000e+02   2.4820000e+02   1.6434578e+02   0.0000000e+00   1.5970448e+02   1.5095048e+02   1.5680000e+02   8.7453936e+01   1.6841554e+02   2.2181951e+02   1.6789298e+02   2.2544000e+02   1.8204444e+02   1.3960000e+02   1.5720000e+02   0.0000000e+00   2.3531429e+02   2.3752000e+02   1.6531407e+02   1.6296667e+02   0.0000000e+00   1.8430000e+02   1.3981890e+02   0.0000000e+00   2.4027143e+02   2.1774815e+02   1.5240712e+02   1.7099459e+02   1.4874490e+02   2.3440000e+02   0.0000000e+00   1.6425000e+02   1.6926128e+02
   1.0440571e+02   4.0087020e+01   6.2575000e+01   1.5764630e+02   6.4143860e+01   9.8525975e+01   1.3696492e+02   6.9752506e+01   1.3907172e+02   1.4059078e+02   0.0000000e+00   1.2740544e+02   2.3979331e+01   7.2691206e+01   7.4731689e+01   0.0000000e+00   7.6471724e+01   2.3674867e+01   2.1240471e+01   1.4053760e+02   1.3470000e+02   8.4562500e+01   1.3884000e+02   1.4328693e+02   2.4603172e+01   2.7374202e+01   4.3976664e+01   1.4810007e+02   5.4728087e+01   1.2453438e+02   3.9939817e+01   6.7346389e+01   1.6620000e+02   2.5977546e+01   0.0000000e+00   5.2912121e+01   1.1190000e+02   1.7573333e+02   0.0000000e+00   1.6420000e+02   2.1613333e+02   1.4110000e+02   1.4792000e+02   2.2568000e+02   8.0493953e+01   1.7350000e+02   7.5839700e+01   1.5868000e+02   0.0000000e+00   0.0000000e+00   1.0700000e+02   8.6251469e+01   8.7019415e+01   2.1335000e+02   0.0000000e+00   8.2300000e+01   1.2190000e+02   2.0015676e+02   4.9683669e+01   8.6713240e+01   8.3517248e+01   2.0727097e+02   2.0320000e+02   1.9340000e+02   9.2756627e+01   0.0000000e+00   0.0000000e+00   1.1365926e+02
   6.2448235e+01   1.1977143e+02   1.3040000e+02   3.3900453e+01   4.5662860e+01   3.0229954e+01   7.7687332e+01   7.8195817e+01   2.2642615e+01   2.1563322e+01   1.2740544e+02   0.0000000e+00   1.2019849e+02   8.5538421e+01   1.9927581e+01   0.0000000e+00   1.7076364e+02   1.4278443e+02   1.4220708e+02   1.7909256e+01   1.6900000e+02   5.3408108e+01   1.5977500e+02   2.5106700e+01   1.3887647e+02   1.4984689e+02   1.5537011e+02   3.2790462e+01   8.4925968e+01   1.2181000e+02   1.5826316e+02   9.9550567e+01   8.9313043e+01   7.8325905e+01   1.6016364e+02   0.0000000e+00   0.0000000e+00   9.0740382e+01   0.0000000e+00   1.0931667e+02   1.4683682e+02   1.5053333e+02   8.0460039e+01   1.6411791e+02   2.1077857e+02   8.8615625e+01   1.9279000e+02   1.5200000e+02   0.0000000e+00   0.0000000e+00   0.0000000e+00   1.9910769e+02   2.2824000e+02   1.5342982e+02   0.0000000e+00   0.0000000e+00   1.6160000e+02   1.3481684e+02   1.4416667e+02   1.9808235e+02   2.0082857e+02   1.4802152e+02   1.5845556e+02   1.4772000e+02   1.8060000e+02   0.0000000e+00   1.7360000e+02   1.6628824e+02
   1.1400800e+02   3.4871801e+01   8.9200000e+01   1.5015926e+02   6.3948837e+01   8.6541154e+01   1.2939638e+02   7.1218021e+01   1.0342833e+02   1.3524308e+02   2.3979331e+01   1.2019849e+02   0.0000000e+00   7.7412104e+01   5.9524183e+01   1.0728750e+02   1.3574595e+02   3.1098660e+01   4.0238961e+01   1.3338733e+02   1.3394667e+02   6.8637524e+01   1.1975000e+02   1.3910221e+02   2.0182032e+01   1.7164658e+01   1.4888521e+01   1.4131049e+02   5.9206754e+01   1.2832222e+02   1.6330793e+01   7.4183012e+01   0.0000000e+00   3.9792291e+01   1.4660000e+02   5.3252308e+01   1.0384750e+02   0.0000000e+00   0.0000000e+00   1.6880000e+02   1.8728235e+02   1.5193333e+02   1.8713333e+02   2.1314286e+02   7.9076255e+01   1.8316667e+02   7.7012225e+01   1.4982857e+02   1.3540000e+02   1.1381818e+02   1.0618947e+02   8.6651401e+01   8.6274630e+01   2.0044000e+02   1.0277778e+02   5.1623322e+01   1.0747027e+02   1.9007273e+02   4.0438400e+01   8.4142193e+01   8.3121408e+01   1.9746667e+02   1.1580000e+02   1.4567500e+02   9.1872300e+01   0.0000000e+00   0.0000000e+00   3.2340667e+01
   2.4698995e+01   1.3490000e+02   1.1205308e+02   9.9121719e+01   1.2562857e+02   5.9285333e+01   4.3259845e+01   2.0351137e+01   8.4602757e+01   8.7609450e+01   7.2691206e+01   8.5538421e+01   7.7412104e+01   0.0000000e+00   3.8042798e+01   1.1786667e+02   1.0700195e+02   8.8623341e+01   1.1608129e+02   9.6939259e+01   8.6269696e+01   8.4294054e+01   9.6784598e+01   7.9676573e+01   9.0427586e+01   1.2380857e+02   1.3405177e+02   8.0845805e+01   2.1535858e+01   5.7931619e+01   1.0707500e+02   1.8516543e+01   4.7566052e+01   4.0033138e+01   1.6603333e+02   1.6720000e+02   1.8902222e+02   1.7853000e+02   0.0000000e+00   0.0000000e+00   1.6520000e+02   1.9690000e+02   1.1024250e+02   1.8124000e+02   1.8070000e+02   1.8265000e+02   1.3104000e+02   2.0480000e+02   0.0000000e+00   1.8846667e+02   2.0440000e+02   1.3992000e+02   2.1620000e+02   1.8109286e+02   1.4310500e+02   9.7391667e+01   1.7627143e+02   1.4933488e+02   9.7640000e+01   1.8506122e+02   1.8564237e+02   1.5566569e+02   1.7107692e+02   1.5063043e+02   0.0000000e+00   2.2880000e+02   1.7145000e+02   1.7300000e+02
   9.2345455e+01   1.0020755e+02   1.3153333e+02   7.2582381e+01   1.6646355e+01   1.5258578e+01   7.9691390e+01   4.0186069e+01   2.3785850e+01   8.5820354e+01   7.4731689e+01   1.9927581e+01   5.9524183e+01   3.8042798e+01   0.0000000e+00   9.5000000e+01   1.4523000e+02   8.7750000e+01   1.1627826e+02   5.4396226e+01   1.2190000e+02   6.8738441e+01   1.4050000e+02   4.5646770e+01   7.7350000e+01   1.0243404e+02   1.1929961e+02   7.4838613e+01   4.0611464e+01   8.1814286e+01   1.3333333e+02   4.5121154e+01   1.0374902e+02   3.5468062e+01   1.3520000e+02   0.0000000e+00   1.5600000e+02   9.7700000e+01   0.0000000e+00   0.0000000e+00   1.3128000e+02   0.0000000e+00   4.7897059e+01   1.3294118e+02   0.0000000e+00   1.2460000e+02   0.0000000e+00   0.0000000e+00   9.6200000e+01   0.0000000e+00   0.0000000e+00   1.3640000e+02   0.0000000e+00   1.3920000e+02   1.3040000e+02   0.0000000e+00   0.0000000e+00   1.1791053e+02   0.0000000e+00   0.0000000e+00   1.3120000e+02   1.3063656e+02   0.0000000e+00   1.3463636e+02   0.0000000e+00   0.0000000e+00   0.0000000e+00   0.0000000e+00
   9.9400000e+01   5.7799606e+01   7.6962025e+01   0.0000000e+00   0.0000000e+00   0.0000000e+00   1.0395000e+02   1.2200000e+02   4.1794485e+01   9.0800000e+01   0.0000000e+00   0.0000000e+00   1.0728750e+02   1.1786667e+02   9.5000000e+01   0.0000000e+00   9.0146903e+01   1.0740000e+02   1.1326857e+02   0.0000000e+00   2.6502499e+01   2.5449611e+01   2.0535909e+01   2.2672605e+01   7.9366667e+01   1.0178065e+02   1.8798556e+01   2.6890637e+01   6.5325000e+01   6.4551875e+01   0.0000000e+00   0.0000000e+00   6.7320000e+01   7.2554872e+01   1.1900000e+02   0.0000000e+00   1.1255102e+02   0.0000000e+00   0.0000000e+00   0.0000000e+00   1.4507568e+02   1.8300000e+02   6.5014286e+01   0.0000000e+00   1.5200000e+02   0.0000000e+00   0.0000000e+00   1.6052000e+02   0.0000000e+00   1.0256367e+02   1.3009048e+02   1.6800000e+02   1.4764706e+02   0.0000000e+00   1.1012123e+02   5.4582583e+01   1.0668496e+02   1.1171879e+02   0.0000000e+00   1.7393333e+02   1.0557952e+02   1.1081177e+02   1.2448529e+02   1.0913345e+02   0.0000000e+00   0.0000000e+00   1.0956471e+02   1.1151250e+02
   9.3435468e+01   5.3061941e+01   3.7753901e+01   1.6025000e+02   1.5760000e+02   1.3203004e+02   9.1107213e+01   1.1748212e+02   9.4352590e+01   1.4350612e+02   7.6471724e+01   1.7076364e+02   1.3574595e+02   1.0700195e+02   1.4523000e+02   9.0146903e+01   0.0000000e+00   4.4717791e+01   1.5538298e+01   2.0191111e+02   4.4198848e+01   7.0563672e+01   2.3265379e+01   1.0792653e+02   6.4800000e+01   3.1466724e+01   5.8604217e+01   8.4859690e+01   7.8084856e+01   6.8130272e+01   7.8600000e+01   1.6992800e+02   8.6268750e+01   2.4461964e+01   1.8986667e+02   6.4896226e+01   1.0556590e+02   0.0000000e+00   0.0000000e+00   2.5220000e+02   1.7864444e+02   0.0000000e+00   1.3246667e+02   0.0000000e+00   1.0820000e+02   0.0000000e+00   0.0000000e+00   2.1412000e+02   0.0000000e+00   1.3242400e+02   1.1270761e+02   1.3330000e+02   1.1182282e+02   0.0000000e+00   1.5713861e+02   7.8713185e+01   1.1842767e+02   1.5501176e+02   1.6800000e+02   9.9500413e+01   1.0242147e+02   1.6282143e+02   1.7748000e+02   1.6207857e+02   0.0000000e+00   0.0000000e+00   0.0000000e+00   1.1342424e+02
   1.2207500e+02   5.4221106e+01   6.3375000e+01   1.6835714e+02   7.9739394e+01   1.0976329e+02   1.5133118e+02   8.6402367e+01   1.4483636e+02   1.5684211e+02   2.3674867e+01   1.4278443e+02   3.1098660e+01   8.8623341e+01   8.7750000e+01   1.0740000e+02   4.4717791e+01   0.0000000e+00   1.3681577e+01   1.5616783e+02   1.0610000e+02   8.9000000e+01   8.3700000e+01   1.5461228e+02   3.6751272e+01   2.9050812e+01   4.1572660e+01   1.6092371e+02   7.6367159e+01   1.1461600e+02   4.2025308e+01   8.3413043e+01   9.2200000e+01   4.9112123e+01   0.0000000e+00   6.3933333e+01   1.1205000e+02   0.0000000e+00   0.0000000e+00   1.8146667e+02   2.1852000e+02   1.3700000e+02   1.9860000e+02   2.2480000e+02   8.7588764e+01   2.0310000e+02   8.0749000e+01   1.6240000e+02   0.0000000e+00   1.5310000e+02   1.1365000e+02   9.5740824e+01   9.8447907e+01   2.1300000e+02   0.0000000e+00   8.8000000e+01   1.6440000e+02   2.1356364e+02   7.1955993e+01   9.6491282e+01   9.0269266e+01   2.2600000e+02   1.7610000e+02   1.9308571e+02   1.0336667e+02   0.0000000e+00   0.0000000e+00   1.1585000e+02
   1.0840360e+02   5.2265220e+01   5.7674814e+01   1.7692000e+02   7.9157895e+01   1.0926879e+02   1.2052794e+02   1.1195269e+02   1.0700672e+02   1.5574588e+02   2.1240471e+01   1.4220708e+02   4.0238961e+01   1.1608129e+02   1.1627826e+02   1.1326857e+02   1.5538298e+01   1.3681577e+01   0.0000000e+00   1.5446866e+02   9.3310820e+01   7.7555846e+01   6.8091336e+01   1.2702443e+02   4.5149412e+01   3.6916182e+01   5.1880019e+01   1.2531105e+02   8.9870138e+01   8.6767393e+01   4.9616509e+01   8.5967010e+01   9.3338462e+01   3.8592978e+01   1.8760000e+02   6.2251361e+01   1.0997066e+02   0.0000000e+00   0.0000000e+00   2.4600000e+02   2.0083077e+02   2.2920000e+02   0.0000000e+00   2.3960000e+02   9.2575000e+01   1.9440000e+02   8.1303614e+01   2.0460000e+02   0.0000000e+00   1.2930000e+02   1.0835899e+02   9.9618229e+01   1.0197032e+02   2.2460000e+02   1.7008000e+02   8.0566245e+01   1.3186364e+02   2.1400000e+02   7.5849032e+01   9.5017670e+01   9.5390479e+01   1.9900000e+02   0.0000000e+00   1.7088571e+02   1.0633333e+02   0.0000000e+00   0.0000000e+00   1.1458298e+02
   7.1446724e+01   1.7020000e+02   0.0000000e+00   1.5385902e+01   9.6300000e+01   5.0841998e+01   6.0072542e+01   8.9177812e+01   5.8761905e+01   2.1047108e+01   1.4053760e+02   1.7909256e+01   1.3338733e+02   9.6939259e+01   5.4396226e+01   0.0000000e+00   2.0191111e+02   1.5616783e+02   1.5446866e+02   0.0000000e+00   1.5460000e+02   0.0000000e+00   2.1113333e+02   2.8710158e+01   1.5260000e+02   1.6398231e+02   1.7011132e+02   2.0257615e+01   9.4693624e+01   1.3035385e+02   1.7375556e+02   1.1817310e+02   9.1694702e+01   8.8046829e+01   1.6017778e+02   0.0000000e+00   2.0400000e+02   1.5729655e+02   0.0000000e+00   1.5680455e+02   1.4727154e+02   1.5755294e+02   7.9712957e+01   1.6250336e+02   2.1925882e+02   1.5993596e+02   2.4373333e+02   1.7773333e+02   1.2551429e+02   0.0000000e+00   0.0000000e+00   2.1875556e+02   2.3840000e+02   1.6074844e+02   1.7188000e+02   0.0000000e+00   1.7900000e+02   1.3398554e+02   0.0000000e+00   2.3791111e+02   2.2729412e+02   1.4954227e+02   1.6393684e+02   1.4788571e+02   0.0000000e+00   0.0000000e+00   1.5595000e+02   1.6374959e+02
   6.9303922e+01   7.7796471e+01   6.9286435e+01   1.7372000e+02   0.0000000e+00   1.0923840e+02   6.9290800e+01   9.5883431e+01   5.3025948e+01   1.0507826e+02   1.3470000e+02   1.6900000e+02   1.3394667e+02   8.6269696e+01   1.2190000e+02   2.6502499e+01   4.4198848e+01   1.0610000e+02   9.3310820e+01   1.5460000e+02   0.0000000e+00   4.6577824e+01   3.3436387e+01   2.4587149e+01   0.0000000e+00   8.7892530e+01   6.7960061e+01   3.2355196e+01   6.3667524e+01   2.6334572e+01   1.4940000e+02   1.4700000e+02   6.1618356e+01   3.1082725e+01   1.3762564e+02   1.0346667e+02   1.3933942e+02   0.0000000e+00   0.0000000e+00   1.3460000e+02   1.4461905e+02   1.7586667e+02   7.2352800e+01   1.8380000e+02   0.0000000e+00   0.0000000e+00   0.0000000e+00   1.4850833e+02   0.0000000e+00   1.1199439e+02   1.5372558e+02   0.0000000e+00   1.8025714e+02   0.0000000e+00   1.1815064e+02   6.6266324e+01   1.1635457e+02   1.1671073e+02   0.0000000e+00   1.7670000e+02   1.3353729e+02   1.1775489e+02   1.3089846e+02   1.1882047e+02   0.0000000e+00   0.0000000e+00   1.2170256e+02   1.2426905e+02
   6.5903268e+01   2.0137152e+01   5.2159282e+01   9.8200000e+01   9.0318750e+01   1.0140000e+02   9.8739759e+01   1.0930000e+02   2.2669988e+01   9.4200000e+01   8.4562500e+01   5.3408108e+01   6.8637524e+01   8.4294054e+01   6.8738441e+01   2.5449611e+01   7.0563672e+01   8.9000000e+01   7.7555846e+01   0.0000000e+00   4.6577824e+01   0.0000000e+00   4.8730861e+01   3.1542392e+01   5.4321397e+01   6.4958486e+01   4.5011488e+01   4.4778285e+01   5.5704876e+01   4.7835734e+01   8.3448000e+01   1.1740000e+02   5.9498462e+01   7.0225058e+01   1.0280000e+02   3.8400000e+01   9.0588525e+01   0.0000000e+00   0.0000000e+00   0.0000000e+00   1.2806667e+02   0.0000000e+00   2.0400000e+01   0.0000000e+00   0.0000000e+00   0.0000000e+00   0.0000000e+00   0.0000000e+00   0.0000000e+00   7.2946327e+01   9.6907692e+01   0.0000000e+00   1.4460000e+02   0.0000000e+00   8.9116586e+01   2.6063222e+01   8.5503925e+01   8.7379592e+01   0.0000000e+00   1.1762000e+02   7.9782210e+01   9.4935938e+01   1.1920000e+02   8.6696774e+01   0.0000000e+00   0.0000000e+00   0.0000000e+00   1.7300000e+02
   8.3165834e+01   7.5141606e+01   3.3599759e+01   1.7868000e+02   0.0000000e+00   1.1634778e+02   7.2860490e+01   1.0501889e+02   5.6437531e+01   1.0911364e+02   1.3884000e+02   1.5977500e+02   1.1975000e+02   9.6784598e+01   1.4050000e+02   2.0535909e+01   2.3265379e+01   8.3700000e+01   6.8091336e+01   2.1113333e+02   3.3436387e+01   4.8730861e+01   0.0000000e+00   7.4838613e+01   1.0220000e+02   5.4818256e+01   4.6923968e+01   4.7813079e+01   7.0752008e+01   4.8596075e+01   0.0000000e+00   1.5600000e+02   7.6609333e+01   2.9825005e+01   1.7186667e+02   8.5188235e+01   1.0817422e+02   0.0000000e+00   0.0000000e+00   0.0000000e+00   1.6191566e+02   2.0130000e+02   8.6552000e+01   0.0000000e+00   1.5171429e+02   0.0000000e+00   0.0000000e+00   1.9630000e+02   0.0000000e+00   1.0737515e+02   1.2136245e+02   1.7073333e+02   1.5470154e+02   0.0000000e+00   1.1824971e+02   6.4784117e+01   1.1624139e+02   1.2010430e+02   0.0000000e+00   1.5434242e+02   1.0776840e+02   1.3069330e+02   1.3825306e+02   1.2135114e+02   0.0000000e+00   0.0000000e+00   1.2790000e+02   1.2363077e+02
   6.3215849e+01   6.2703936e+01   9.2214225e+01   2.5906314e+01   7.0571971e+01   6.8167461e+01   4.8015844e+01   7.4889969e+01   2.7684794e+01   4.9674087e+01   1.4328693e+02   2.5106700e+01   1.3910221e+02   7.9676573e+01   4.5646770e+01   2.2672605e+01   1.0792653e+02   1.5461228e+02   1.2702443e+02   2.8710158e+01   2.4587149e+01   3.1542392e+01   7.4838613e+01   0.0000000e+00   1.1708182e+02   1.1513720e+02   7.4282244e+01   2.5189155e+01   7.1739959e+01   5.7475501e+01   1.5132000e+02   1.2503158e+02   6.9265644e+01   7.0934870e+01   1.2719024e+02   1.9260000e+02   1.4652121e+02   1.3016016e+02   0.0000000e+00   1.2082200e+02   1.1812798e+02   1.3994074e+02   5.4444035e+01   1.3415354e+02   1.8938788e+02   1.3719528e+02   2.1329600e+02   1.4582545e+02   1.2680000e+02   1.0701642e+02   1.6062105e+02   2.0762692e+02   1.9232308e+02   1.3048673e+02   1.1158811e+02   6.0735744e+01   1.1534514e+02   1.0949667e+02   1.8390000e+02   2.0988182e+02   1.4640108e+02   1.1278203e+02   1.3094581e+02   1.1509207e+02   2.1140000e+02   0.0000000e+00   1.2262264e+02   1.2685401e+02
   0.0000000e+00   2.0378018e+01   0.0000000e+00   2.0535000e+02   7.1600000e+01   1.1704706e+02   1.5245714e+02   8.4272727e+01   8.6387500e+01   1.5503636e+02   2.4603172e+01   1.3887647e+02   2.0182032e+01   9.0427586e+01   7.7350000e+01   7.9366667e+01   6.4800000e+01   3.6751272e+01   4.5149412e+01   1.5260000e+02   0.0000000e+00   5.4321397e+01   1.0220000e+02   1.1708182e+02   0.0000000e+00   3.8794942e+01   3.5161488e+01   1.3495000e+02   6.8040000e+01   1.1690000e+02   4.2262887e+01   7.4600000e+01   0.0000000e+00   4.5205697e+01   1.5040000e+02   2.7365325e+01   8.4742857e+01   0.0000000e+00   0.0000000e+00   1.3000000e+02   1.7320000e+02   1.4390000e+02   0.0000000e+00   1.7320000e+02   6.2918405e+01   1.5972000e+02   6.5777178e+01   1.2992000e+02   1.0980000e+02   9.4885714e+01   6.8775000e+01   7.3056324e+01   6.5561386e+01   1.7060000e+02   8.6690909e+01   5.1089655e+01   9.9931579e+01   1.2380000e+02   2.2764024e+01   6.5375800e+01   5.9980458e+01   1.5153333e+02   1.0840000e+02   1.3640000e+02   8.1717073e+01   0.0000000e+00   0.0000000e+00   7.3564706e+01
   1.2553309e+02   4.5669332e+01   2.9626966e+01   1.7720000e+02   8.9620000e+01   1.2003649e+02   1.1439707e+02   1.1718513e+02   8.6233436e+01   1.6408366e+02   2.7374202e+01   1.4984689e+02   1.7164658e+01   1.2380857e+02   1.0243404e+02   1.0178065e+02   3.1466724e+01   2.9050812e+01   3.6916182e+01   1.6398231e+02   8.7892530e+01   6.4958486e+01   5.4818256e+01   1.1513720e+02   3.8794942e+01   0.0000000e+00   3.4457037e+01   1.0861351e+02   9.7257854e+01   1.0319400e+02   1.8527127e+01   9.0827941e+01   1.4765000e+02   4.9873822e+01   1.8372000e+02   5.6145478e+01   9.7825518e+01   2.2413333e+02   0.0000000e+00   1.9870000e+02   1.8581728e+02   2.0420000e+02   1.7265000e+02   2.2540000e+02   8.9647414e+01   2.0960000e+02   8.1475472e+01   1.9466061e+02   0.0000000e+00   1.2169492e+02   1.0202575e+02   9.6350661e+01   9.8756837e+01   2.1654000e+02   1.5091515e+02   7.7388661e+01   1.1998897e+02   1.7604286e+02   7.0189423e+01   9.2524632e+01   9.0286709e+01   1.8011429e+02   1.9175789e+02   1.7015333e+02   1.0570588e+02   0.0000000e+00   0.0000000e+00   1.1476749e+02
   1.3217820e+02   3.2940584e+01   3.2473162e+01   1.9237333e+02   1.2041000e+02   1.2612553e+02   1.1413039e+02   1.2845423e+02   7.5225289e+01   1.6915648e+02   4.3976664e+01   1.5537011e+02   1.4888521e+01   1.3405177e+02   1.1929961e+02   1.8798556e+01   5.8604217e+01   4.1572660e+01   5.1880019e+01   1.7011132e+02   6.7960061e+01   4.5011488e+01   4.6923968e+01   7.4282244e+01   3.5161488e+01   3.4457037e+01   0.0000000e+00   6.9284448e+01   1.1046388e+02   1.0970559e+02   2.4673663e+01   1.0099487e+02   1.2131429e+02   5.6437102e+01   1.9206667e+02   5.0763384e+01   9.6257580e+01   0.0000000e+00   0.0000000e+00   1.8457143e+02   1.6115922e+02   1.9092000e+02   1.2884615e+02   2.2605455e+02   9.4410219e+01   1.9685714e+02   8.6662212e+01   1.8206875e+02   1.9800000e+02   9.5536496e+01   1.0659600e+02   9.7142036e+01   1.0088950e+02   2.0532000e+02   1.2194643e+02   5.5206068e+01   1.0744245e+02   1.2753273e+02   6.9517363e+01   9.1532837e+01   9.3025454e+01   1.3690391e+02   1.7355556e+02   1.6460000e+02   1.0703333e+02   2.3100000e+02   0.0000000e+00   1.0787920e+02
   6.2682533e+01   7.8850843e+01   7.6639898e+01   2.0231116e+01   1.0169928e+02   5.9030082e+01   3.1423362e+01   7.1389591e+01   4.7416051e+01   3.1803094e+01   1.4810007e+02   3.2790462e+01   1.4131049e+02   8.0845805e+01   7.4838613e+01   2.6890637e+01   8.4859690e+01   1.6092371e+02   1.2531105e+02   2.0257615e+01   3.2355196e+01   4.4778285e+01   4.7813079e+01   2.5189155e+01   1.3495000e+02   1.0861351e+02   6.9284448e+01   0.0000000e+00   7.4412017e+01   3.9187714e+01   1.7440000e+02   1.2531655e+02   6.5261775e+01   6.3714673e+01   1.3061431e+02   1.6096000e+02   1.5049854e+02   1.5555025e+02   0.0000000e+00   1.4200714e+02   1.3180380e+02   1.5430217e+02   7.2152756e+01   1.5846453e+02   1.9906582e+02   1.5610055e+02   2.2007500e+02   1.4668509e+02   1.2910000e+02   1.0549456e+02   1.6103276e+02   2.1531667e+02   1.9281860e+02   1.5674127e+02   1.1720311e+02   6.7484160e+01   1.3129346e+02   1.1319114e+02   1.5300000e+02   2.0991915e+02   1.5061655e+02   1.1939016e+02   1.3326702e+02   1.1951818e+02   0.0000000e+00   1.7800000e+02   1.2327312e+02   1.3317452e+02
   2.3206051e+01   1.0565970e+02   1.1147525e+02   9.4138761e+01   1.7887161e+01   4.8680601e+01   6.9719736e+01   2.7344281e+01   6.9008454e+01   9.2459158e+01   5.4728087e+01   8.4925968e+01   5.9206754e+01   2.1535858e+01   4.0611464e+01   6.5325000e+01   7.8084856e+01   7.6367159e+01   8.9870138e+01   9.4693624e+01   6.3667524e+01   5.5704876e+01   7.0752008e+01   7.1739959e+01   6.8040000e+01   9.7257854e+01   1.1046388e+02   7.4412017e+01   0.0000000e+00   3.2901911e+01   8.8838095e+01   1.7996561e+01   1.4522595e+01   2.9699325e+01   1.5509286e+02   1.2655000e+02   1.6796296e+02   1.7161333e+02   0.0000000e+00   1.4905714e+02   1.5592593e+02   1.8610000e+02   9.1212267e+01   1.7768311e+02   1.5770000e+02   1.7718182e+02   1.2248750e+02   1.7860000e+02   0.0000000e+00   1.1895758e+02   1.7937500e+02   1.1860000e+02   1.9160000e+02   1.7697108e+02   1.2272205e+02   7.3927811e+01   1.4883704e+02   1.4049267e+02   7.4400000e+01   1.6611923e+02   1.6652795e+02   1.4542944e+02   1.6197647e+02   1.4046581e+02   0.0000000e+00   0.0000000e+00   1.5695556e+02   1.5629231e+02
   3.5721662e+01   8.6667925e+01   7.3789114e+01   1.1950769e+02   1.1090000e+02   9.7075410e+01   2.9328994e+01   7.0923220e+01   5.2158349e+01   1.0522182e+02   1.2453438e+02   1.2181000e+02   1.2832222e+02   5.7931619e+01   8.1814286e+01   6.4551875e+01   6.8130272e+01   1.1461600e+02   8.6767393e+01   1.3035385e+02   2.6334572e+01   4.7835734e+01   4.8596075e+01   5.7475501e+01   1.1690000e+02   1.0319400e+02   1.0970559e+02   3.9187714e+01   3.2901911e+01   0.0000000e+00   0.0000000e+00   1.0923889e+02   3.8303834e+01   2.4590287e+01   1.3485357e+02   1.1453333e+02   1.5314074e+02   1.5220000e+02   0.0000000e+00   1.7400000e+02   1.3018811e+02   1.6231429e+02   6.6631378e+01   1.6067500e+02   2.2060000e+02   1.3380000e+02   0.0000000e+00   1.4284516e+02   0.0000000e+00   1.0779404e+02   1.6125714e+02   0.0000000e+00   1.8323333e+02   1.5240000e+02   1.1771111e+02   6.8352021e+01   1.2304178e+02   1.1324706e+02   0.0000000e+00   1.7081429e+02   1.5148621e+02   1.1685129e+02   1.3080515e+02   1.1896744e+02   0.0000000e+00   0.0000000e+00   1.2281274e+02   1.2833289e+02
   0.0000000e+00   5.4568902e+01   0.0000000e+00   0.0000000e+00   0.0000000e+00   1.2471429e+02   1.7550000e+02   1.0560000e+02   1.0852000e+02   1.7713333e+02   3.9939817e+01   1.5826316e+02   1.6330793e+01   1.0707500e+02   1.3333333e+02   0.0000000e+00   7.8600000e+01   4.2025308e+01   4.9616509e+01   1.7375556e+02   1.4940000e+02   8.3448000e+01   0.0000000e+00   1.5132000e+02   4.2262887e+01   1.8527127e+01   2.4673663e+01   1.7440000e+02   8.8838095e+01   0.0000000e+00   0.0000000e+00   1.0360000e+02   0.0000000e+00   6.8018994e+01   1.7060000e+02   7.3640000e+01   0.0000000e+00   0.0000000e+00   0.0000000e+00   0.0000000e+00   0.0000000e+00   0.0000000e+00   0.0000000e+00   0.0000000e+00   9.2260000e+01   0.0000000e+00   8.7701064e+01   0.0000000e+00   0.0000000e+00   1.2310000e+02   0.0000000e+00   1.0225381e+02   1.0283273e+02   2.0700000e+02   0.0000000e+00   8.7800000e+01   0.0000000e+00   0.0000000e+00   7.3804790e+01   1.0220427e+02   9.3572942e+01   2.3580000e+02   0.0000000e+00   0.0000000e+00   1.1970000e+02   0.0000000e+00   0.0000000e+00   1.2193333e+02
   8.3696552e+01   0.0000000e+00   1.7050000e+02   1.3591852e+02   1.0813523e+01   2.7082844e+01   1.1213320e+02   2.9161378e+01   1.2348889e+02   1.1633707e+02   6.7346389e+01   9.9550567e+01   7.4183012e+01   1.8516543e+01   4.5121154e+01   0.0000000e+00   1.6992800e+02   8.3413043e+01   8.5967010e+01   1.1817310e+02   1.4700000e+02   1.1740000e+02   1.5600000e+02   1.2503158e+02   7.4600000e+01   9.0827941e+01   1.0099487e+02   1.2531655e+02   1.7996561e+01   1.0923889e+02   1.0360000e+02   0.0000000e+00   7.2527273e+01   1.6212248e+01   0.0000000e+00   0.0000000e+00   0.0000000e+00   0.0000000e+00   0.0000000e+00   0.0000000e+00   2.0966667e+02   0.0000000e+00   1.2620000e+02   2.1760000e+02   0.0000000e+00   0.0000000e+00   1.2708000e+02   0.0000000e+00   0.0000000e+00   0.0000000e+00   0.0000000e+00   1.1940000e+02   0.0000000e+00   0.0000000e+00   0.0000000e+00   0.0000000e+00   0.0000000e+00   1.9940000e+02   8.6000000e+01   1.3180000e+02   1.3090000e+02   1.8846667e+02   0.0000000e+00   0.0000000e+00   0.0000000e+00   0.0000000e+00   0.0000000e+00   0.0000000e+00
   5.5494611e+01   0.0000000e+00   1.2780000e+02   8.8585191e+01   1.2560000e+02   9.2130986e+01   6.9323138e+01   7.1456471e+01   6.2910301e+01   9.0367429e+01   1.6620000e+02   8.9313043e+01   0.0000000e+00   4.7566052e+01   1.0374902e+02   6.7320000e+01   8.6268750e+01   9.2200000e+01   9.3338462e+01   9.1694702e+01   6.1618356e+01   5.9498462e+01   7.6609333e+01   6.9265644e+01   0.0000000e+00   1.4765000e+02   1.2131429e+02   6.5261775e+01   1.4522595e+01   3.8303834e+01   0.0000000e+00   7.2527273e+01   0.0000000e+00   1.7636761e+01   1.5120000e+02   0.0000000e+00   0.0000000e+00   1.6734286e+02   0.0000000e+00   1.5270000e+02   1.4997526e+02   0.0000000e+00   8.7352941e+01   1.7195385e+02   0.0000000e+00   1.5600000e+02   2.5860000e+02   1.8980000e+02   0.0000000e+00   1.1770000e+02   0.0000000e+00   0.0000000e+00   0.0000000e+00   1.6862222e+02   1.2238400e+02   6.9457143e+01   1.3804000e+02   1.3388722e+02   0.0000000e+00   0.0000000e+00   2.1706667e+02   1.4188178e+02   1.6304444e+02   1.4137544e+02   0.0000000e+00   0.0000000e+00   1.3700000e+02   0.0000000e+00
   4.7136951e+01   6.1556286e+01   4.0633453e+01   8.5932333e+01   1.3448430e+01   4.5504080e+01   6.8792149e+01   2.7489753e+01   7.0566685e+01   8.5123179e+01   2.5977546e+01   7.8325905e+01   3.9792291e+01   4.0033138e+01   3.5468062e+01   7.2554872e+01   2.4461964e+01   4.9112123e+01   3.8592978e+01   8.8046829e+01   3.1082725e+01   7.0225058e+01   2.9825005e+01   7.0934870e+01   4.5205697e+01   4.9873822e+01   5.6437102e+01   6.3714673e+01   2.9699325e+01   2.4590287e+01   6.8018994e+01   1.6212248e+01   1.7636761e+01   0.0000000e+00   1.5165455e+02   6.8010256e+01   9.8252632e+01   1.6561266e+02   0.0000000e+00   1.5380000e+02   1.5166818e+02   0.0000000e+00   8.6237500e+01   1.7094688e+02   1.2091579e+02   1.6867273e+02   8.3611864e+01   1.7946667e+02   0.0000000e+00   1.1123077e+02   1.0565000e+02   9.2303704e+01   1.0843951e+02   1.7088989e+02   1.3709130e+02   7.5817857e+01   1.1906606e+02   1.3556972e+02   5.1754717e+01   9.6797750e+01   9.3831007e+01   1.4621597e+02   1.6193077e+02   1.4377821e+02   9.8300000e+01   0.0000000e+00   1.5820000e+02   1.7000000e+02
   1.5600000e+02   1.3760000e+02   1.7566667e+02   1.5961935e+02   0.0000000e+00   1.5940000e+02   1.3615765e+02   1.5540000e+02   8.0866087e+01   1.6231136e+02   0.0000000e+00   1.6016364e+02   1.4660000e+02   1.6603333e+02   1.3520000e+02   1.1900000e+02   1.8986667e+02   0.0000000e+00   1.8760000e+02   1.6017778e+02   1.3762564e+02   1.0280000e+02   1.7186667e+02   1.2719024e+02   1.5040000e+02   1.8372000e+02   1.9206667e+02   1.3061431e+02   1.5509286e+02   1.3485357e+02   1.7060000e+02   0.0000000e+00   1.5120000e+02   1.5165455e+02   0.0000000e+00   1.2880000e+02   1.0765946e+02   7.7420787e+01   1.3580000e+02   5.1718403e+01   3.4530975e+01   4.0654920e+01   5.5511462e+01   6.2976158e+01   9.0853094e+01   5.9821937e+01   1.1414702e+02   2.0761517e+01   9.7830380e+01   1.1410000e+02   9.0848639e+01   1.1436789e+02   1.0023276e+02   7.2406714e+01   6.4653780e+01   6.5825455e+01   8.0560438e+01   6.4126069e+01   1.0217736e+02   1.1643978e+02   1.2195719e+02   7.0834298e+01   1.8422905e+01   2.6361185e+01   1.1890000e+02   7.3211321e+01   2.3910942e+01   5.2216631e+01
   1.5100000e+02   1.7807058e+01   5.5401357e+01   0.0000000e+00   0.0000000e+00   0.0000000e+00   1.4190000e+02   1.5745000e+02   4.2800000e+01   2.0780000e+02   5.2912121e+01   0.0000000e+00   5.3252308e+01   1.6720000e+02   0.0000000e+00   0.0000000e+00   6.4896226e+01   6.3933333e+01   6.2251361e+01   0.0000000e+00   1.0346667e+02   3.8400000e+01   8.5188235e+01   1.9260000e+02   2.7365325e+01   5.6145478e+01   5.0763384e+01   1.6096000e+02   1.2655000e+02   1.1453333e+02   7.3640000e+01   0.0000000e+00   0.0000000e+00   6.8010256e+01   1.2880000e+02   0.0000000e+00   3.9663309e+01   0.0000000e+00   1.2610000e+02   1.3371111e+02   1.2287619e+02   1.4881250e+02   6.0243357e+01   1.6648571e+02   3.0478571e+01   1.0820000e+02   2.6335071e+01   1.3584667e+02   1.0584474e+02   4.9309013e+01   5.4150186e+01   4.9409868e+01   5.4744283e+01   1.7075000e+02   8.1348649e+01   2.2354135e+01   6.6044635e+01   6.6386542e+01   1.9337426e+01   4.1504065e+01   2.4903294e+01   8.9562722e+01   1.0175676e+02   1.1281000e+02   6.1085714e+01   0.0000000e+00   9.8800000e+01   6.4146080e+01
